$GNVTG,288.71,T,,M,1.858,N,3.442,K,A*22
$GNGGA,053938.00,4915.73524,N,12314.90212,W,1,06,4.79,96.7,M,-17.5,M,,*4D
$GNGSA,A,3,06,11,19,,,,,,,,,,6.33,4.79,4.14,1*02
$GNGSA,A,3,11,,,,,,,,,,,,6.33,4.79,4.14,3*0E
$GNGSA,A,3,24,44,,,,,,,,,,,6.33,4.79,4.14,4*0F
$GNGSA,A,3,,,,,,,,,,,,,6.33,4.79,4.14,5*08
$GPGSV,2,1,05,06,54,067,18,11,60,159,28,12,79,293,13,19,35,068,28,1*61
$GPGSV,2,2,05,24,29,210,09,1*56
$GPGSV,2,1,08,03,05,018,,17,09,072,,20,14,146,,22,04,121,,0*69
$GPGSV,2,2,08,22,04,121,,25,36,301,,28,07,330,,29,10,255,,0*6E
$GAGSV,1,1,01,11,35,049,08,7*41
$GBGSV,1,1,02,24,53,182,20,44,72,068,27,1*73
$GQGSV,1,1,00,0*64
$GNGLL,4915.73524,N,12314.90212,W,053938.00,A,A*62

New GPS read
$GNRMC,053939.00,A,4915.73533,N,12314.90304,W,1.718,288.07,06112
4,,,A,V*14
$GNVTG,288.07,T,,M,1.718,N,3.181,K,A*22
$GNGGA,053939.00,4915.73533,N,12314.90304,W,1,06,4.79,95.5,M,-17.5,M,,*4D
$GNGSA,A,3,06,11,19,,,,,,,,,,6.33,4.79,4.14,1*02
$GNGSA,A,3,11,,,,,,,,,,,,6.33,4.79,4.14,3*0E
$GNGSA,A,3,24,44,,,,,,,,,,,6.33,4.79,4.14,4*0F
$GNGSA,A,3,,,,,,,,,,,,,6.33,4.79,4.14,5*08
$GPGSV,2,1,05,06,54,067,19,11,60,159,29,12,79,293,12,19,35,068,28,1*60
$GPGSV,2,2,05,24,29,210,08,1*57
$GPGSV,2,1,08,03,05,018,,17,09,072,,20,14,146,,22,04,121,,0*69
$GPGSV,2,2,08,22,04,121,,25,36,301,,28,07,330,,29,10,255,,0*6E